00101001010100101000111110000001
00111011101111110001010000101000
00010100101110100000100111001110
00010000011101010111001000000101
11010111011010111101011010111010
11000010011100101010101000100110
00010000010011110101111001001111
01100000000001110001000110000000
11000000100011001010101100000010
10001010111010011101001100001111
00001100000101110110001010110010
10011110010001001100000010001110
00011010100101000110011010111001
10110010101000101100110101011011
10100000011001110001000100011111
01101110111001101000001101011010
00000111010110100101001100000101
10001010101110011011001001010011
00111010001101010011100101100010
11000001111010110101100001110110
10101111010000001111001000111010
00110011100011000010010001011101
10111010000001100001101001100011
10100001110110111011101011110011
10101110110101111101010010000110
01111001001110111111010011110100
01100000000011001011011000011110
00001111100001100100011011110000
01000110110001100001111010111001
11000111110111100110000000100100
10001100000011110100000110011111
11011111010100000110000010100001
